6278448
6140728
6280190
6297064
6280189
6280188
6280187
5924775
5736393
5737640
5737567
5765484
5754959
5737465
5477271
5662445
5754084
5754083
5737471
5737563
5280711
5729573
5747553
5737467
5729571
5737561
5737473
5751716
5662444
5737597
5729610
5648190
5729579
5737596
5745231
5737568
5737313
5477269
5748881
5648189
5737566
5737562
5418302
5729572
5280710
5418301
5729570
5737560
5737472
5744890
5737464
5477268
5477267
5296858
5477266
5648188
5418298
5737470
5737469
5737466
5406267
5648187
5739432
5729609
5729608
5729576
5729607
5293169
5648186
5729569
5629010
5288934
5729574
5477263
5343851
5648177
5629006
5629004
5702912
5702911
5628898
5628832
5293168
5628896
5604659
5285789
5285787
5279749
5279747
5277216
5284835
5277129
5285782
5213032
5285788
5278190
5286256
5285781
5187282
5284838
5276141
5276140
5279688
5159766
5278490
5279687
5279322
5187290
5279321
5276139
5276138
5276137
5276136
5276135
5276134
5277241
5159761
5277240
5099918
5276695
5276694
5276835
5276834
5272291
5267218
5276833
5267183
5276133
5278189
5276132
5210341
5277217
5166907
5210340
5277215
5277214
5187289
5210337
5187273
5277213
5187272
5276131
5276130
5276129
5276128
5276127
5276126
5159758
5124808
5210343
5272727
5210342
5210339
5272311
5210338
5272290
5267182
5246472
5154229
5142515
5120890
5013628
5013627
5013626
4341291
4341289
4341126
4341369
4341368
4341192
4341290
4341193
4341188
4341187
4341186
4341339
4341338
4341125
4341259
4341237
4341116
4341115
4341114
4341238
4341301
4341197
4341195
4341294
4341293
4341140
4341127
4341371
4341370
4341341
4341340
4341292
4341303
4341302
4341236
4341235
4341234
4341112
4341111
4341178
4341177
4341167
4341113
4341199
4341286
4341277
4341169
4341155
4341170
4341142
4341108
4341344
4341285
4341276
4341198
4341110
4341231
4341168
4341350
4341343
4341232
4341109
4341360
4341233
4341201
4341278
4341159
4341096
4341354
4341245
4341117
4341095
4341337
4341280
4341158
4341353
4341230
4341171
4341347
4341228
4341173
4341172
4341094
4341279
4341229
5977362
5977363
5977361
5977360
5977359
5977358
5977357
5977356
5977355
5977354
5977353
5977352
5977350
5977351
5977349
5977348
5977347
5977346
5977345
5977343
5977342
5977341
5977340
5977339
5977338
5977337
6009059
6009065
6009054
6009051
6009049
6009061
6009057
6009053
5977336
5977335
5977334
5977333
5977332
5977331
5977330
5977329
5977328
6009058
6009062
6009064
6009056
6009048
6009055
6009050
6009052
5977327
6009060
5977326
5977324
5977325
5977323
5977321
5977322
5977320
5977319
5977317
5977318
5977316
5977314
5977315
5977313
5977312
5977310
5977311
5977309
5977308
5977307
5977305
5977306
5977304
5977303
5977302
5996574
5996589
5996572
5996571
5996586
5996584
5996576
5996578
5996580
5996582
5996588
5996591
5996573
5996577
5996585
5996575
5996583
5996590
5996579
5996581
5977301
5991777
5991776
5797183
5972812
5797182
5797179
5972813
5797199
5797177
5797201
5797173
5972810
5972811
5797184
5797180
5797181
5797200
5797198
5797178
5797172
5797176
5797175
5972809
5797174
5977300
5977299
5977297
5977298
5977296
5977295
5977293
5977294
5977292
5856831
5961807
5961812
5961809
5961811
5961805
5961808
5961806
5961804
5961810
5796884
5796888
5796886
5796880
5796882
5796883
5796885
5796887
5796881
5962429
6273618
6273619
5962430
5962428
6273617
6273616
6273615
5962427
5962426
6273614
6273613
6273612
5962425
5962416
6148070
5962420
6148068
5962422
5962421
6148069
6148067
6148066
6148065
5962419
5962418
6148064
6148063
5962414
5962413
5962412
5962411
6102722
5962409
5962410
6102728
6102727
6102726
5962408
6102725
6102724
5962406
5962407
6102723
6102721
6046342
5962405
5962404
6046348
6046347
5962403
5962402
6046345
6046344
6046343
6046346
5962401
6046341
5962400
5962399
5962398
6012152
5962397
6012151
5962396
5962395
6012150
6012149
5962394
6012148
6012147
5962393
6012146
6012145
5962391
5962392
6002833
6002832
6002831
5962390
6002834
5962388
5962389
6002830
6002828
5962387
6002829
6002827
5991381
5962386
5991380
5962385
5991379
5962384
5991378
5962383
5962382
5991376
5991375
5962381
5991374
5986878
5904136
5962380
5904139
5962379
5962378
5904135
5962377
5904137
5904138
5962376
5904132
5904133
5904134
5962375
5962373
5962374
5962372
5962370
5962371
5962369
5888335
5962366
5962368
5962367
5888336
5962365
5888334
5888343
5888333
5888342
5888332
5888341
5113080
5113083
5833795
5898722
5833793
5113463
5113464
5113081
5113078
5113465
5113079
5113466
5113467
5113077
5113075
5833796
5898725
5898724
5898726
5961123
5113082
5113076
5113470
5113468
5113469
5113462
5906462
5906464
5906459
5906460
5906458
5906457
5906456
5906455
5906454
5794327
5794325
5794323
5794324
5906463
5906461
5898729
5833797
5898728
5898727
5906453
5794326
5898723
5906452
5906450
5906451
5113010
5906449
5906448
5906447
5906446
5906445
5906444
5906443
5906442
5906441
5113458
5833788
5833791
5113074
5113459
5113071
5113461
5113456
5113069
5113455
5113454
5113072
5113460
5961122
5833789
5113073
5113457
5113453
5113066
5113068
5113067
5906431
5906440
5906437
5906438
5906436
5906432
5906433
5906434
5906430
5906435
5906439
5833792
5113070
5906429
5113378
5977344
5113062
5833787
5833786
5113445
5113060
5113449
5113061
5113446
5113064
5113063
5113058
5113451
5113057
5833783
5833784
5113447
5113444
5113059
5113452
5113065
5906421
5906428
5906427
5906424
5906425
5906423
5906422
5906420
5906418
5906426
5906419
5961121
5113450
5906417
5113448
5113005
5906408
5113051
5113442
5906416
5906414
5906413
5906415
5906412
5906411
5906410
5906407
5906409
5906405
5906406
5961120
5113055
5833779
5113056
5113441
5113443
5113440
5113437
5113435
5113054
5113048
5113436
5113438
5833778
5833782
5113053
5113439
5113049
5113050
5833781
5113052
5906404
5906402
5906403
5906401
5906400
5906399
5906398
5906396
5906395
5906393
5906394
5906397
5113375
5113008
5113376
5112973
5113372
5113379
5113432
5113041
5833773
5833775
5113046
fs:WnG142IO
5113429
5113042
5113040
5833774
5113427
5961119
5113428
5113433
5113430
5113044
5113045
5113043
5113039
5113047
5794307
5906386
5906392
5906391
5906389
5906390
5906388
5906387
5906385
5906384
5906383
5906382
5906381
5833777
5113431
5113434
5113426
5113004
5961118
5113410
5833772
5113424
5113421
5113422
5113414
5113418
5113425
5833770
5833768
5113420
5113412
5113419
5113415
5113413
5113417
5113423
5113409
5113416
5906380
5906379
5906378
5906376
5906377
5906374
5906375
5906372
5906373
5906371
5906370
5906369
5833769
5113411
5113408
5113034
5113399
5833764
5833765
5113038
5113035
5113037
5113405
5113407
5113402
5113403
5113033
5113404
5113406
5113031
5833767
5961117
5113032
5113401
5113400
5113030
5906368
5906367
5906366
5906365
5906364
5906363
5906362
5906361
5906358
5906359
5906360
5906357
5833763
5113036
5113009
5113003
5833762
5113023
5833759
5833761
5113392
5113396
5113393
5113029
5113025
5113398
5113394
5113022
5113391
5961116
5833760
5113028
5113027
5113397
5113395
5113390
5113024
5113021
5113026
1000018666
5113013
5961115
5113018
5113016
5113386
5113388
5113383
5113017
5113015
5113389
5113384
5113385
5113387
5113381
5113012
5833757
5833753
5113019
5113014
5113020
5113382
5833756
5833754
5113011
5113377
5113380
5113007
5113374
5113006
5113373
5962415
5962417
6280191
6280192
6280193
6280194
6280204
5898737
5898734
6280205
5794332
5794331
5794329
5794328
5977364
5898735
5906472
6301056
5906476
5906475
5906473
5906474
5906471
5906470
5906469
5906468
5906467
5906466
5906465
5977365
5113473
5113472
5898730
6301057
5113475
5113471
5113092
